Gen: 2
     [0.16145865213931565, 1.0, 0.7542263517873274]
     [0.16981391932423334, 1.0, 0.42999096657633246]
     [0.16388412805288607, 1.0, 0.5516195638146858]

Gen: 3
     [0.16145865213931565, 1.0, 0.7542263517873274]
     [0.16388412805288607, 1.0, 0.5516195638146858]
     [0.16981391932423334, 1.0, 0.42999096657633246]

Gen: 4
     [0.16145865213931565, 1.0, 0.7542263517873274]
     [0.16388412805288607, 1.0, 0.5516195638146858]
     [0.16981391932423334, 1.0, 0.42999096657633246]

Gen: 5
     [0.16388412805288607, 1.0, 0.5516195638146858]
     [0.16145865213931565, 1.0, 0.7542263517873274]
     [0.16981391932423334, 1.0, 0.42999096657633246]

Gen: 6
     [0.16388412805288607, 1.0, 0.5516195638146858]
     [0.16145865213931565, 1.0, 0.7542263517873274]
     [0.16981391932423334, 1.0, 0.42999096657633246]

Gen: 7
     [0.16388412805288607, 1.0, 0.5516195638146858]
     [0.16145865213931565, 1.0, 0.7542263517873274]
     [0.16981391932423334, 1.0, 0.42999096657633246]

Gen: 8
     [0.16388412805288607, 1.0, 0.5516195638146858]
     [0.16145865213931565, 1.0, 0.7542263517873274]
     [0.16981391932423334, 1.0, 0.42999096657633246]

Gen: 9
     [0.16388412805288607, 1.0, 0.5516195638146858]
     [0.16145865213931565, 1.0, 0.7542263517873274]
     [0.16981391932423334, 1.0, 0.42999096657633246]

Gen: 10
     [0.16388412805288607, 1.0, 0.5516195638146858]
     [0.16145865213931565, 1.0, 0.7542263517873274]
     [0.16981391932423334, 1.0, 0.42999096657633246]

Gen: 11
     [0.16388412805288607, 1.0, 0.5516195638146858]
     [0.16145865213931565, 1.0, 0.7542263517873274]
     [0.16981391932423334, 1.0, 0.42999096657633246]

Gen: 12
     [0.16388412805288607, 1.0, 0.5516195638146858]
     [0.16981391932423334, 1.0, 0.42999096657633246]
     [0.16145865213931565, 1.0, 0.7542263517873274]

Gen: 13
     [0.16388412805288607, 1.0, 0.5516195638146858]
     [0.16981391932423334, 1.0, 0.42999096657633246]
     [0.16145865213931565, 1.0, 0.7542263517873274]

Gen: 14
     [0.16388412805288607, 1.0, 0.5516195638146858]
     [0.16981391932423334, 1.0, 0.42999096657633246]
     [0.16145865213931565, 1.0, 0.7542263517873274]

Gen: 15
     [0.1694237008018608, 1.0, 0.4806426635694928]
     [0.16388412805288607, 1.0, 0.5516195638146858]
     [0.16981391932423334, 1.0, 0.42999096657633246]
     [0.16145865213931565, 1.0, 0.7542263517873274]

Gen: 16
     [0.1694237008018608, 1.0, 0.4806426635694928]
     [0.16388412805288607, 1.0, 0.5516195638146858]
     [0.16981391932423334, 1.0, 0.42999096657633246]
     [0.16145865213931565, 1.0, 0.7542263517873274]

Gen: 17
     [0.1694237008018608, 1.0, 0.4806426635694928]
     [0.16388412805288607, 1.0, 0.5516195638146858]
     [0.16981391932423334, 1.0, 0.42999096657633246]
     [0.16145865213931565, 1.0, 0.7542263517873274]

Gen: 18
     [0.1694237008018608, 1.0, 0.4806426635694928]
     [0.16388412805288607, 1.0, 0.5516195638146858]
     [0.16981391932423334, 1.0, 0.42999096657633246]
     [0.16145865213931565, 1.0, 0.7542263517873274]

Gen: 19
     [0.1694237008018608, 1.0, 0.4806426635694928]
     [0.16388412805288607, 1.0, 0.5516195638146858]
     [0.16981391932423334, 1.0, 0.42999096657633246]
     [0.16145865213931565, 1.0, 0.7542263517873274]

Gen: 20
     [0.1694237008018608, 1.0, 0.4806426635694928]
     [0.16388412805288607, 1.0, 0.5516195638146858]
     [0.16981391932423334, 1.0, 0.42999096657633246]
     [0.16145865213931565, 1.0, 0.7542263517873274]

Gen: 21
     [0.1694237008018608, 1.0, 0.4806426635694928]
     [0.16388412805288607, 1.0, 0.5516195638146858]
     [0.16981391932423334, 1.0, 0.42999096657633246]
     [0.16145865213931565, 1.0, 0.7542263517873274]

Gen: 22
     [0.1694237008018608, 1.0, 0.4806426635694928]
     [0.16388412805288607, 1.0, 0.5516195638146858]
     [0.16981391932423334, 1.0, 0.42999096657633246]
     [0.16145865213931565, 1.0, 0.7542263517873274]

Gen: 23
     [0.1694237008018608, 1.0, 0.4806426635694928]
     [0.16388412805288607, 1.0, 0.5516195638146858]
     [0.16981391932423334, 1.0, 0.42999096657633246]
     [0.16145865213931565, 1.0, 0.7542263517873274]

Gen: 24
     [0.1694237008018608, 1.0, 0.4806426635694928]
     [0.16388412805288607, 1.0, 0.5516195638146858]
     [0.16981391932423334, 1.0, 0.42999096657633246]
     [0.16145865213931565, 1.0, 0.7542263517873274]

Gen: 25
     [0.1694237008018608, 1.0, 0.4806426635694928]
     [0.16388412805288607, 1.0, 0.5516195638146858]
     [0.16981391932423334, 1.0, 0.42999096657633246]
     [0.16145865213931565, 1.0, 0.7542263517873274]

Gen: 26
     [0.1694237008018608, 1.0, 0.4806426635694928]
     [0.16388412805288607, 1.0, 0.5516195638146858]
     [0.16981391932423334, 1.0, 0.42999096657633246]
     [0.16145865213931565, 1.0, 0.7542263517873274]

Gen: 27
     [0.1694237008018608, 1.0, 0.4806426635694928]
     [0.16388412805288607, 1.0, 0.5516195638146858]
     [0.16981391932423334, 1.0, 0.42999096657633246]
     [0.16145865213931565, 1.0, 0.7542263517873274]

Gen: 28
     [0.1694237008018608, 1.0, 0.4806426635694928]
     [0.16388412805288607, 1.0, 0.5516195638146858]
     [0.16981391932423334, 1.0, 0.42999096657633246]
     [0.16145865213931565, 1.0, 0.7542263517873274]

Gen: 29
     [0.1694237008018608, 1.0, 0.4806426635694928]
     [0.16388412805288607, 1.0, 0.5516195638146858]
     [0.16981391932423334, 1.0, 0.42999096657633246]
     [0.16145865213931565, 1.0, 0.7542263517873274]

Gen: 30
     [0.1694237008018608, 1.0, 0.4806426635694928]
     [0.16388412805288607, 1.0, 0.5516195638146858]
     [0.16981391932423334, 1.0, 0.42999096657633246]
     [0.16145865213931565, 1.0, 0.7542263517873274]

Gen: 31
     [0.1694237008018608, 1.0, 0.4806426635694928]
     [0.16388412805288607, 1.0, 0.5516195638146858]
     [0.16981391932423334, 1.0, 0.42999096657633246]
     [0.16145865213931565, 1.0, 0.7542263517873274]

Gen: 32
     [0.1694237008018608, 1.0, 0.4806426635694928]
     [0.16388412805288607, 1.0, 0.5516195638146858]
     [0.16981391932423334, 1.0, 0.42999096657633246]
     [0.16145865213931565, 1.0, 0.7542263517873274]

Gen: 33
     [0.1694237008018608, 1.0, 0.4806426635694928]
     [0.16388412805288607, 1.0, 0.5516195638146858]
     [0.16981391932423334, 1.0, 0.42999096657633246]
     [0.16145865213931565, 1.0, 0.7542263517873274]

Gen: 34
     [0.1694237008018608, 1.0, 0.4806426635694928]
     [0.16388412805288607, 1.0, 0.5516195638146858]
     [0.16981391932423334, 1.0, 0.42999096657633246]
     [0.16145865213931565, 1.0, 0.7542263517873274]

Gen: 35
     [0.1694237008018608, 1.0, 0.4806426635694928]
     [0.16388412805288607, 1.0, 0.5516195638146858]
     [0.16981391932423334, 1.0, 0.42999096657633246]
     [0.16145865213931565, 1.0, 0.7542263517873274]

Gen: 36
     [0.1694237008018608, 1.0, 0.4806426635694928]
     [0.16388412805288607, 1.0, 0.5516195638146858]
     [0.16981391932423334, 1.0, 0.42999096657633246]
     [0.16145865213931565, 1.0, 0.7542263517873274]

Gen: 37
     [0.1694237008018608, 1.0, 0.4806426635694928]
     [0.16388412805288607, 1.0, 0.5516195638146858]
     [0.16981391932423334, 1.0, 0.42999096657633246]
     [0.16145865213931565, 1.0, 0.7542263517873274]

Gen: 38
     [0.1694237008018608, 1.0, 0.4806426635694928]
     [0.16388412805288607, 1.0, 0.5516195638146858]
     [0.16981391932423334, 1.0, 0.42999096657633246]
     [0.16145865213931565, 1.0, 0.7542263517873274]

Gen: 39
     [0.1694237008018608, 1.0, 0.4806426635694928]
     [0.16388412805288607, 1.0, 0.5516195638146858]
     [0.16981391932423334, 1.0, 0.42999096657633246]
     [0.16145865213931565, 1.0, 0.7542263517873274]

Gen: 40
     [0.1694237008018608, 1.0, 0.4806426635694928]
     [0.16388412805288607, 1.0, 0.5516195638146858]
     [0.16981391932423334, 1.0, 0.42999096657633246]
     [0.16145865213931565, 1.0, 0.7542263517873274]

Gen: 41
     [0.1694237008018608, 1.0, 0.4806426635694928]
     [0.16388412805288607, 1.0, 0.5516195638146858]
     [0.16981391932423334, 1.0, 0.42999096657633246]
     [0.16145865213931565, 1.0, 0.7542263517873274]

Gen: 42
     [0.1694237008018608, 1.0, 0.4806426635694928]
     [0.16388412805288607, 1.0, 0.5516195638146858]
     [0.16981391932423334, 1.0, 0.42999096657633246]
     [0.16145865213931565, 1.0, 0.7542263517873274]

Gen: 43
     [0.1694237008018608, 1.0, 0.4806426635694928]
     [0.16388412805288607, 1.0, 0.5516195638146858]
     [0.16981391932423334, 1.0, 0.42999096657633246]
     [0.16145865213931565, 1.0, 0.7542263517873274]

Gen: 44
     [0.1694237008018608, 1.0, 0.4806426635694928]
     [0.16388412805288607, 1.0, 0.5516195638146858]
     [0.16981391932423334, 1.0, 0.42999096657633246]
     [0.16145865213931565, 1.0, 0.7542263517873274]

Gen: 45
     [0.1694237008018608, 1.0, 0.4806426635694928]
     [0.16388412805288607, 1.0, 0.5516195638146858]
     [0.16981391932423334, 1.0, 0.42999096657633246]
     [0.16145865213931565, 1.0, 0.7542263517873274]

Gen: 46
     [0.1694237008018608, 1.0, 0.4806426635694928]
     [0.16388412805288607, 1.0, 0.5516195638146858]
     [0.16981391932423334, 1.0, 0.42999096657633246]
     [0.16145865213931565, 1.0, 0.7542263517873274]

Gen: 47
     [0.1694237008018608, 1.0, 0.4806426635694928]
     [0.16388412805288607, 1.0, 0.5516195638146858]
     [0.16981391932423334, 1.0, 0.42999096657633246]
     [0.16145865213931565, 1.0, 0.7542263517873274]

Gen: 48
     [0.1694237008018608, 1.0, 0.4806426635694928]
     [0.16388412805288607, 1.0, 0.5516195638146858]
     [0.16981391932423334, 1.0, 0.42999096657633246]
     [0.16145865213931565, 1.0, 0.7542263517873274]

Gen: 49
     [0.1694237008018608, 1.0, 0.4806426635694928]
     [0.16388412805288607, 1.0, 0.5516195638146858]
     [0.16981391932423334, 1.0, 0.42999096657633246]
     [0.16145865213931565, 1.0, 0.7542263517873274]

Gen: 50
     [0.1694237008018608, 1.0, 0.4806426635694928]
     [0.16388412805288607, 1.0, 0.5516195638146858]
     [0.16981391932423334, 1.0, 0.42999096657633246]
     [0.16145865213931565, 1.0, 0.7542263517873274]

Gen: 51
     [0.1694237008018608, 1.0, 0.4806426635694928]
     [0.16388412805288607, 1.0, 0.5516195638146858]
     [0.16981391932423334, 1.0, 0.42999096657633246]
     [0.16145865213931565, 1.0, 0.7542263517873274]

Gen: 52
     [0.1694237008018608, 1.0, 0.4806426635694928]
     [0.16388412805288607, 1.0, 0.5516195638146858]
     [0.16981391932423334, 1.0, 0.42999096657633246]
     [0.16145865213931565, 1.0, 0.7542263517873274]

Gen: 53
     [0.1694237008018608, 1.0, 0.4806426635694928]
     [0.16388412805288607, 1.0, 0.5516195638146858]
     [0.16981391932423334, 1.0, 0.42999096657633246]
     [0.16145865213931565, 1.0, 0.7542263517873274]

Gen: 54
     [0.1694237008018608, 1.0, 0.4806426635694928]
     [0.16388412805288607, 1.0, 0.5516195638146858]
     [0.16981391932423334, 1.0, 0.42999096657633246]
     [0.16145865213931565, 1.0, 0.7542263517873274]

Gen: 55
     [0.1694237008018608, 1.0, 0.4806426635694928]
     [0.16388412805288607, 1.0, 0.5516195638146858]
     [0.16981391932423334, 1.0, 0.42999096657633246]
     [0.16145865213931565, 1.0, 0.7542263517873274]

Gen: 56
     [0.1694237008018608, 1.0, 0.4806426635694928]
     [0.16388412805288607, 1.0, 0.5516195638146858]
     [0.16981391932423334, 1.0, 0.42999096657633246]
     [0.16145865213931565, 1.0, 0.7542263517873274]

Gen: 57
     [0.1694237008018608, 1.0, 0.4806426635694928]
     [0.16388412805288607, 1.0, 0.5516195638146858]
     [0.16981391932423334, 1.0, 0.42999096657633246]
     [0.16145865213931565, 1.0, 0.7542263517873274]

Gen: 58
     [0.1694237008018608, 1.0, 0.4806426635694928]
     [0.16388412805288607, 1.0, 0.5516195638146858]
     [0.16981391932423334, 1.0, 0.42999096657633246]
     [0.16145865213931565, 1.0, 0.7542263517873274]

Gen: 59
     [0.1694237008018608, 1.0, 0.4806426635694928]
     [0.16388412805288607, 1.0, 0.5516195638146858]
     [0.16981391932423334, 1.0, 0.42999096657633246]
     [0.16145865213931565, 1.0, 0.7542263517873274]

Gen: 60
     [0.1694237008018608, 1.0, 0.4806426635694928]
     [0.16388412805288607, 1.0, 0.5516195638146858]
     [0.16981391932423334, 1.0, 0.42999096657633246]
     [0.16145865213931565, 1.0, 0.7542263517873274]

Gen: 61
     [0.1694237008018608, 1.0, 0.4806426635694928]
     [0.16388412805288607, 1.0, 0.5516195638146858]
     [0.16981391932423334, 1.0, 0.42999096657633246]
     [0.16145865213931565, 1.0, 0.7542263517873274]

Gen: 62
     [0.1694237008018608, 1.0, 0.4806426635694928]
     [0.16388412805288607, 1.0, 0.5516195638146858]
     [0.16981391932423334, 1.0, 0.42999096657633246]
     [0.16145865213931565, 1.0, 0.7542263517873274]

Gen: 63
     [0.1694237008018608, 1.0, 0.4806426635694928]
     [0.16388412805288607, 1.0, 0.5516195638146858]
     [0.16981391932423334, 1.0, 0.42999096657633246]
     [0.16145865213931565, 1.0, 0.7542263517873274]

Gen: 64
     [0.1694237008018608, 1.0, 0.4806426635694928]
     [0.16388412805288607, 1.0, 0.5516195638146858]
     [0.16981391932423334, 1.0, 0.42999096657633246]
     [0.16145865213931565, 1.0, 0.7542263517873274]

Gen: 65
     [0.1694237008018608, 1.0, 0.4806426635694928]
     [0.16388412805288607, 1.0, 0.5516195638146858]
     [0.16981391932423334, 1.0, 0.42999096657633246]
     [0.16145865213931565, 1.0, 0.7542263517873274]

Gen: 66
     [0.1694237008018608, 1.0, 0.4806426635694928]
     [0.16388412805288607, 1.0, 0.5516195638146858]
     [0.16981391932423334, 1.0, 0.42999096657633246]
     [0.16145865213931565, 1.0, 0.7542263517873274]

Gen: 67
     [0.1694237008018608, 1.0, 0.4806426635694928]
     [0.16388412805288607, 1.0, 0.5516195638146858]
     [0.16981391932423334, 1.0, 0.42999096657633246]
     [0.16145865213931565, 1.0, 0.7542263517873274]

Gen: 68
     [0.1694237008018608, 1.0, 0.4806426635694928]
     [0.16388412805288607, 1.0, 0.5516195638146858]
     [0.16981391932423334, 1.0, 0.42999096657633246]
     [0.16145865213931565, 1.0, 0.7542263517873274]

Gen: 69
     [0.1694237008018608, 1.0, 0.4806426635694928]
     [0.16388412805288607, 1.0, 0.5516195638146858]
     [0.16981391932423334, 1.0, 0.42999096657633246]
     [0.16145865213931565, 1.0, 0.7542263517873274]

Gen: 70
     [0.1694237008018608, 1.0, 0.4806426635694928]
     [0.16388412805288607, 1.0, 0.5516195638146858]
     [0.16981391932423334, 1.0, 0.42999096657633246]
     [0.16145865213931565, 1.0, 0.7542263517873274]

Gen: 71
     [0.1694237008018608, 1.0, 0.4806426635694928]
     [0.16388412805288607, 1.0, 0.5516195638146858]
     [0.16981391932423334, 1.0, 0.42999096657633246]
     [0.16145865213931565, 1.0, 0.7542263517873274]

Gen: 72
     [0.1694237008018608, 1.0, 0.4806426635694928]
     [0.16388412805288607, 1.0, 0.5516195638146858]
     [0.16981391932423334, 1.0, 0.42999096657633246]
     [0.16145865213931565, 1.0, 0.7542263517873274]

Gen: 73
     [0.1694237008018608, 1.0, 0.4806426635694928]
     [0.16388412805288607, 1.0, 0.5516195638146858]
     [0.16981391932423334, 1.0, 0.42999096657633246]
     [0.16145865213931565, 1.0, 0.7542263517873274]

Gen: 74
     [0.1694237008018608, 1.0, 0.4806426635694928]
     [0.16388412805288607, 1.0, 0.5516195638146858]
     [0.16981391932423334, 1.0, 0.42999096657633246]
     [0.16145865213931565, 1.0, 0.7542263517873274]

Gen: 75
     [0.1694237008018608, 1.0, 0.4806426635694928]
     [0.16388412805288607, 1.0, 0.5516195638146858]
     [0.16981391932423334, 1.0, 0.42999096657633246]
     [0.16145865213931565, 1.0, 0.7542263517873274]

Gen: 76
     [0.1694237008018608, 1.0, 0.4806426635694928]
     [0.16388412805288607, 1.0, 0.5516195638146858]
     [0.16981391932423334, 1.0, 0.42999096657633246]
     [0.16145865213931565, 1.0, 0.7542263517873274]

Gen: 77
     [0.1694237008018608, 1.0, 0.4806426635694928]
     [0.16388412805288607, 1.0, 0.5516195638146858]
     [0.16981391932423334, 1.0, 0.42999096657633246]
     [0.16145865213931565, 1.0, 0.7542263517873274]

Gen: 78
     [0.1694237008018608, 1.0, 0.4806426635694928]
     [0.16388412805288607, 1.0, 0.5516195638146858]
     [0.16981391932423334, 1.0, 0.42999096657633246]
     [0.16145865213931565, 1.0, 0.7542263517873274]

Gen: 79
     [0.1694237008018608, 1.0, 0.4806426635694928]
     [0.16388412805288607, 1.0, 0.5516195638146858]
     [0.16981391932423334, 1.0, 0.42999096657633246]
     [0.16145865213931565, 1.0, 0.7542263517873274]

Gen: 80
     [0.1694237008018608, 1.0, 0.4806426635694928]
     [0.16388412805288607, 1.0, 0.5516195638146858]
     [0.16981391932423334, 1.0, 0.42999096657633246]
     [0.16145865213931565, 1.0, 0.7542263517873274]

Gen: 81
     [0.1694237008018608, 1.0, 0.4806426635694928]
     [0.16388412805288607, 1.0, 0.5516195638146858]
     [0.16981391932423334, 1.0, 0.42999096657633246]
     [0.16145865213931565, 1.0, 0.7542263517873274]

Gen: 82
     [0.1694237008018608, 1.0, 0.4806426635694928]
     [0.16388412805288607, 1.0, 0.5516195638146858]
     [0.16981391932423334, 1.0, 0.42999096657633246]
     [0.16145865213931565, 1.0, 0.7542263517873274]

Gen: 83
     [0.1694237008018608, 1.0, 0.4806426635694928]
     [0.16388412805288607, 1.0, 0.5516195638146858]
     [0.16981391932423334, 1.0, 0.42999096657633246]
     [0.16145865213931565, 1.0, 0.7542263517873274]

Gen: 84
     [0.1694237008018608, 1.0, 0.4806426635694928]
     [0.16388412805288607, 1.0, 0.5516195638146858]
     [0.16981391932423334, 1.0, 0.42999096657633246]
     [0.16145865213931565, 1.0, 0.7542263517873274]

Gen: 85
     [0.1694237008018608, 1.0, 0.4806426635694928]
     [0.16388412805288607, 1.0, 0.5516195638146858]
     [0.16981391932423334, 1.0, 0.42999096657633246]
     [0.16145865213931565, 1.0, 0.7542263517873274]

Gen: 86
     [0.1694237008018608, 1.0, 0.4806426635694928]
     [0.16388412805288607, 1.0, 0.5516195638146858]
     [0.16981391932423334, 1.0, 0.42999096657633246]
     [0.16145865213931565, 1.0, 0.7542263517873274]

Gen: 87
     [0.1694237008018608, 1.0, 0.4806426635694928]
     [0.16388412805288607, 1.0, 0.5516195638146858]
     [0.16981391932423334, 1.0, 0.42999096657633246]
     [0.16145865213931565, 1.0, 0.7542263517873274]

Gen: 88
     [0.1694237008018608, 1.0, 0.4806426635694928]
     [0.16388412805288607, 1.0, 0.5516195638146858]
     [0.16981391932423334, 1.0, 0.42999096657633246]
     [0.16145865213931565, 1.0, 0.7542263517873274]

Gen: 89
     [0.1694237008018608, 1.0, 0.4806426635694928]
     [0.16388412805288607, 1.0, 0.5516195638146858]
     [0.16981391932423334, 1.0, 0.42999096657633246]
     [0.16145865213931565, 1.0, 0.7542263517873274]

Gen: 90
     [0.1694237008018608, 1.0, 0.4806426635694928]
     [0.16388412805288607, 1.0, 0.5516195638146858]
     [0.16981391932423334, 1.0, 0.42999096657633246]
     [0.16145865213931565, 1.0, 0.7542263517873274]

Gen: 91
     [0.1694237008018608, 1.0, 0.4806426635694928]
     [0.16388412805288607, 1.0, 0.5516195638146858]
     [0.16981391932423334, 1.0, 0.42999096657633246]
     [0.16145865213931565, 1.0, 0.7542263517873274]

Gen: 92
     [0.1694237008018608, 1.0, 0.4806426635694928]
     [0.16388412805288607, 1.0, 0.5516195638146858]
     [0.16981391932423334, 1.0, 0.42999096657633246]
     [0.16145865213931565, 1.0, 0.7542263517873274]

Gen: 93
     [0.1694237008018608, 1.0, 0.4806426635694928]
     [0.16388412805288607, 1.0, 0.5516195638146858]
     [0.16981391932423334, 1.0, 0.42999096657633246]
     [0.16145865213931565, 1.0, 0.7542263517873274]

Gen: 94
     [0.1694237008018608, 1.0, 0.4806426635694928]
     [0.16388412805288607, 1.0, 0.5516195638146858]
     [0.16981391932423334, 1.0, 0.42999096657633246]
     [0.16145865213931565, 1.0, 0.7542263517873274]

Gen: 95
     [0.1694237008018608, 1.0, 0.4806426635694928]
     [0.16388412805288607, 1.0, 0.5516195638146858]
     [0.16981391932423334, 1.0, 0.42999096657633246]
     [0.16145865213931565, 1.0, 0.7542263517873274]

Gen: 96
     [0.1694237008018608, 1.0, 0.4806426635694928]
     [0.16388412805288607, 1.0, 0.5516195638146858]
     [0.16981391932423334, 1.0, 0.42999096657633246]
     [0.16145865213931565, 1.0, 0.7542263517873274]

Gen: 97
     [0.1694237008018608, 1.0, 0.4806426635694928]
     [0.16388412805288607, 1.0, 0.5516195638146858]
     [0.16981391932423334, 1.0, 0.42999096657633246]
     [0.16145865213931565, 1.0, 0.7542263517873274]

Gen: 98
     [0.1694237008018608, 1.0, 0.4806426635694928]
     [0.16388412805288607, 1.0, 0.5516195638146858]
     [0.16981391932423334, 1.0, 0.42999096657633246]
     [0.16145865213931565, 1.0, 0.7542263517873274]

Gen: 99
     [0.1694237008018608, 1.0, 0.4806426635694928]
     [0.16388412805288607, 1.0, 0.5516195638146858]
     [0.16981391932423334, 1.0, 0.42999096657633246]
     [0.16145865213931565, 1.0, 0.7542263517873274]

Gen: 100
     [0.1694237008018608, 1.0, 0.4806426635694928]
     [0.16388412805288607, 1.0, 0.5516195638146858]
     [0.16981391932423334, 1.0, 0.42999096657633246]
     [0.16145865213931565, 1.0, 0.7542263517873274]

Gen: 101
     [0.1694237008018608, 1.0, 0.4806426635694928]
     [0.16388412805288607, 1.0, 0.5516195638146858]
     [0.16981391932423334, 1.0, 0.42999096657633246]
     [0.16145865213931565, 1.0, 0.7542263517873274]

Gen: 102
     [0.1694237008018608, 1.0, 0.4806426635694928]
     [0.16388412805288607, 1.0, 0.5516195638146858]
     [0.16981391932423334, 1.0, 0.42999096657633246]
     [0.16145865213931565, 1.0, 0.7542263517873274]

Gen: 103
     [0.1694237008018608, 1.0, 0.4806426635694928]
     [0.16388412805288607, 1.0, 0.5516195638146858]
     [0.16981391932423334, 1.0, 0.42999096657633246]
     [0.16145865213931565, 1.0, 0.7542263517873274]

Gen: 104
     [0.1694237008018608, 1.0, 0.4806426635694928]
     [0.16388412805288607, 1.0, 0.5516195638146858]
     [0.16981391932423334, 1.0, 0.42999096657633246]
     [0.16145865213931565, 1.0, 0.7542263517873274]

Gen: 105
     [0.1694237008018608, 1.0, 0.4806426635694928]
     [0.16388412805288607, 1.0, 0.5516195638146858]
     [0.16981391932423334, 1.0, 0.42999096657633246]
     [0.16145865213931565, 1.0, 0.7542263517873274]

Gen: 106
     [0.1694237008018608, 1.0, 0.4806426635694928]
     [0.16388412805288607, 1.0, 0.5516195638146858]
     [0.16981391932423334, 1.0, 0.42999096657633246]
     [0.16145865213931565, 1.0, 0.7542263517873274]

Gen: 107
     [0.1694237008018608, 1.0, 0.4806426635694928]
     [0.16388412805288607, 1.0, 0.5516195638146858]
     [0.16981391932423334, 1.0, 0.42999096657633246]
     [0.16145865213931565, 1.0, 0.7542263517873274]

Gen: 108
     [0.1694237008018608, 1.0, 0.4806426635694928]
     [0.16388412805288607, 1.0, 0.5516195638146858]
     [0.16981391932423334, 1.0, 0.42999096657633246]
     [0.16145865213931565, 1.0, 0.7542263517873274]

Gen: 109
     [0.1694237008018608, 1.0, 0.4806426635694928]
     [0.16388412805288607, 1.0, 0.5516195638146858]
     [0.16981391932423334, 1.0, 0.42999096657633246]
     [0.16145865213931565, 1.0, 0.7542263517873274]

Gen: 110
     [0.1694237008018608, 1.0, 0.4806426635694928]
     [0.16388412805288607, 1.0, 0.5516195638146858]
     [0.16981391932423334, 1.0, 0.42999096657633246]
     [0.16145865213931565, 1.0, 0.7542263517873274]

Gen: 111
     [0.1694237008018608, 1.0, 0.4806426635694928]
     [0.16388412805288607, 1.0, 0.5516195638146858]
     [0.16981391932423334, 1.0, 0.42999096657633246]
     [0.16145865213931565, 1.0, 0.7542263517873274]

Gen: 112
     [0.1694237008018608, 1.0, 0.4806426635694928]
     [0.16388412805288607, 1.0, 0.5516195638146858]
     [0.16981391932423334, 1.0, 0.42999096657633246]
     [0.16145865213931565, 1.0, 0.7542263517873274]

Gen: 113
     [0.1694237008018608, 1.0, 0.4806426635694928]
     [0.16388412805288607, 1.0, 0.5516195638146858]
     [0.16981391932423334, 1.0, 0.42999096657633246]
     [0.16145865213931565, 1.0, 0.7542263517873274]

Gen: 114
     [0.1694237008018608, 1.0, 0.4806426635694928]
     [0.16388412805288607, 1.0, 0.5516195638146858]
     [0.16981391932423334, 1.0, 0.42999096657633246]
     [0.16145865213931565, 1.0, 0.7542263517873274]

Gen: 115
     [0.1694237008018608, 1.0, 0.4806426635694928]
     [0.16388412805288607, 1.0, 0.5516195638146858]
     [0.16981391932423334, 1.0, 0.42999096657633246]
     [0.16145865213931565, 1.0, 0.7542263517873274]

Gen: 116
     [0.1694237008018608, 1.0, 0.4806426635694928]
     [0.16388412805288607, 1.0, 0.5516195638146858]
     [0.16981391932423334, 1.0, 0.42999096657633246]
     [0.16145865213931565, 1.0, 0.7542263517873274]

Gen: 117
     [0.1694237008018608, 1.0, 0.4806426635694928]
     [0.16388412805288607, 1.0, 0.5516195638146858]
     [0.16981391932423334, 1.0, 0.42999096657633246]
     [0.16145865213931565, 1.0, 0.7542263517873274]

Gen: 118
     [0.1694237008018608, 1.0, 0.4806426635694928]
     [0.16388412805288607, 1.0, 0.5516195638146858]
     [0.16981391932423334, 1.0, 0.42999096657633246]
     [0.16145865213931565, 1.0, 0.7542263517873274]

Gen: 119
     [0.1694237008018608, 1.0, 0.4806426635694928]
     [0.16388412805288607, 1.0, 0.5516195638146858]
     [0.16981391932423334, 1.0, 0.42999096657633246]
     [0.16145865213931565, 1.0, 0.7542263517873274]

Gen: 120
     [0.1694237008018608, 1.0, 0.4806426635694928]
     [0.16388412805288607, 1.0, 0.5516195638146858]
     [0.16981391932423334, 1.0, 0.42999096657633246]
     [0.16145865213931565, 1.0, 0.7542263517873274]

Gen: 121
     [0.1694237008018608, 1.0, 0.4806426635694928]
     [0.16388412805288607, 1.0, 0.5516195638146858]
     [0.16981391932423334, 1.0, 0.42999096657633246]
     [0.16145865213931565, 1.0, 0.7542263517873274]

Gen: 122
     [0.1694237008018608, 1.0, 0.4806426635694928]
     [0.16388412805288607, 1.0, 0.5516195638146858]
     [0.16981391932423334, 1.0, 0.42999096657633246]
     [0.16145865213931565, 1.0, 0.7542263517873274]

Gen: 123
     [0.1694237008018608, 1.0, 0.4806426635694928]
     [0.16388412805288607, 1.0, 0.5516195638146858]
     [0.16981391932423334, 1.0, 0.42999096657633246]
     [0.16145865213931565, 1.0, 0.7542263517873274]

Gen: 124
     [0.1694237008018608, 1.0, 0.4806426635694928]
     [0.16388412805288607, 1.0, 0.5516195638146858]
     [0.16981391932423334, 1.0, 0.42999096657633246]
     [0.16145865213931565, 1.0, 0.7542263517873274]

Gen: 125
     [0.1694237008018608, 1.0, 0.4806426635694928]
     [0.16388412805288607, 1.0, 0.5516195638146858]
     [0.16981391932423334, 1.0, 0.42999096657633246]
     [0.16145865213931565, 1.0, 0.7542263517873274]

Gen: 126
     [0.1694237008018608, 1.0, 0.4806426635694928]
     [0.16388412805288607, 1.0, 0.5516195638146858]
     [0.16981391932423334, 1.0, 0.42999096657633246]
     [0.16145865213931565, 1.0, 0.7542263517873274]

Gen: 127
     [0.1694237008018608, 1.0, 0.4806426635694928]
     [0.16388412805288607, 1.0, 0.5516195638146858]
     [0.16981391932423334, 1.0, 0.42999096657633246]
     [0.16145865213931565, 1.0, 0.7542263517873274]

Gen: 128
     [0.1694237008018608, 1.0, 0.4806426635694928]
     [0.16388412805288607, 1.0, 0.5516195638146858]
     [0.16981391932423334, 1.0, 0.42999096657633246]
     [0.16145865213931565, 1.0, 0.7542263517873274]

Gen: 129
     [0.1694237008018608, 1.0, 0.4806426635694928]
     [0.16388412805288607, 1.0, 0.5516195638146858]
     [0.16981391932423334, 1.0, 0.42999096657633246]
     [0.16145865213931565, 1.0, 0.7542263517873274]

Gen: 130
     [0.1694237008018608, 1.0, 0.4806426635694928]
     [0.16388412805288607, 1.0, 0.5516195638146858]
     [0.16981391932423334, 1.0, 0.42999096657633246]
     [0.16145865213931565, 1.0, 0.7542263517873274]

Gen: 131
     [0.1694237008018608, 1.0, 0.4806426635694928]
     [0.16388412805288607, 1.0, 0.5516195638146858]
     [0.16981391932423334, 1.0, 0.42999096657633246]
     [0.16145865213931565, 1.0, 0.7542263517873274]

Gen: 132
     [0.1694237008018608, 1.0, 0.4806426635694928]
     [0.16388412805288607, 1.0, 0.5516195638146858]
     [0.16981391932423334, 1.0, 0.42999096657633246]
     [0.16145865213931565, 1.0, 0.7542263517873274]

Gen: 133
     [0.1694237008018608, 1.0, 0.4806426635694928]
     [0.16388412805288607, 1.0, 0.5516195638146858]
     [0.16981391932423334, 1.0, 0.42999096657633246]
     [0.16145865213931565, 1.0, 0.7542263517873274]

Gen: 134
     [0.1694237008018608, 1.0, 0.4806426635694928]
     [0.16388412805288607, 1.0, 0.5516195638146858]
     [0.16981391932423334, 1.0, 0.42999096657633246]
     [0.16145865213931565, 1.0, 0.7542263517873274]

Gen: 135
     [0.1694237008018608, 1.0, 0.4806426635694928]
     [0.16388412805288607, 1.0, 0.5516195638146858]
     [0.16981391932423334, 1.0, 0.42999096657633246]
     [0.16145865213931565, 1.0, 0.7542263517873274]

Gen: 136
     [0.1694237008018608, 1.0, 0.4806426635694928]
     [0.16388412805288607, 1.0, 0.5516195638146858]
     [0.16981391932423334, 1.0, 0.42999096657633246]
     [0.16145865213931565, 1.0, 0.7542263517873274]

Gen: 137
     [0.1694237008018608, 1.0, 0.4806426635694928]
     [0.16388412805288607, 1.0, 0.5516195638146858]
     [0.16981391932423334, 1.0, 0.42999096657633246]
     [0.16145865213931565, 1.0, 0.7542263517873274]

Gen: 138
     [0.1694237008018608, 1.0, 0.4806426635694928]
     [0.16388412805288607, 1.0, 0.5516195638146858]
     [0.16981391932423334, 1.0, 0.42999096657633246]
     [0.16145865213931565, 1.0, 0.7542263517873274]

Gen: 139
     [0.1694237008018608, 1.0, 0.4806426635694928]
     [0.16388412805288607, 1.0, 0.5516195638146858]
     [0.16981391932423334, 1.0, 0.42999096657633246]
     [0.16145865213931565, 1.0, 0.7542263517873274]

Gen: 140
     [0.1694237008018608, 1.0, 0.4806426635694928]
     [0.16388412805288607, 1.0, 0.5516195638146858]
     [0.16981391932423334, 1.0, 0.42999096657633246]
     [0.16145865213931565, 1.0, 0.7542263517873274]

Gen: 141
     [0.1694237008018608, 1.0, 0.4806426635694928]
     [0.16388412805288607, 1.0, 0.5516195638146858]
     [0.16981391932423334, 1.0, 0.42999096657633246]
     [0.16145865213931565, 1.0, 0.7542263517873274]

Gen: 142
     [0.1694237008018608, 1.0, 0.4806426635694928]
     [0.16388412805288607, 1.0, 0.5516195638146858]
     [0.16981391932423334, 1.0, 0.42999096657633246]
     [0.16145865213931565, 1.0, 0.7542263517873274]

Gen: 143
     [0.1694237008018608, 1.0, 0.4806426635694928]
     [0.16388412805288607, 1.0, 0.5516195638146858]
     [0.16981391932423334, 1.0, 0.42999096657633246]
     [0.16145865213931565, 1.0, 0.7542263517873274]

Gen: 144
     [0.1694237008018608, 1.0, 0.4806426635694928]
     [0.16388412805288607, 1.0, 0.5516195638146858]
     [0.16981391932423334, 1.0, 0.42999096657633246]
     [0.16145865213931565, 1.0, 0.7542263517873274]

Gen: 145
     [0.1694237008018608, 1.0, 0.4806426635694928]
     [0.16388412805288607, 1.0, 0.5516195638146858]
     [0.16981391932423334, 1.0, 0.42999096657633246]
     [0.16145865213931565, 1.0, 0.7542263517873274]

Gen: 146
     [0.1694237008018608, 1.0, 0.4806426635694928]
     [0.16388412805288607, 1.0, 0.5516195638146858]
     [0.16981391932423334, 1.0, 0.42999096657633246]
     [0.16145865213931565, 1.0, 0.7542263517873274]

Gen: 147
     [0.1694237008018608, 1.0, 0.4806426635694928]
     [0.16388412805288607, 1.0, 0.5516195638146858]
     [0.16981391932423334, 1.0, 0.42999096657633246]
     [0.16145865213931565, 1.0, 0.7542263517873274]

Gen: 148
     [0.1694237008018608, 1.0, 0.4806426635694928]
     [0.16388412805288607, 1.0, 0.5516195638146858]
     [0.16981391932423334, 1.0, 0.42999096657633246]
     [0.16145865213931565, 1.0, 0.7542263517873274]

Gen: 149
     [0.1694237008018608, 1.0, 0.4806426635694928]
     [0.16388412805288607, 1.0, 0.5516195638146858]
     [0.16981391932423334, 1.0, 0.42999096657633246]
     [0.16145865213931565, 1.0, 0.7542263517873274]

Gen: 150
     [0.1694237008018608, 1.0, 0.4806426635694928]
     [0.16388412805288607, 1.0, 0.5516195638146858]
     [0.16981391932423334, 1.0, 0.42999096657633246]
     [0.16145865213931565, 1.0, 0.7542263517873274]

Gen: 151
     [0.1694237008018608, 1.0, 0.4806426635694928]
     [0.16388412805288607, 1.0, 0.5516195638146858]
     [0.16981391932423334, 1.0, 0.42999096657633246]
     [0.16145865213931565, 1.0, 0.7542263517873274]

Gen: 152
     [0.1694237008018608, 1.0, 0.4806426635694928]
     [0.16388412805288607, 1.0, 0.5516195638146858]
     [0.16981391932423334, 1.0, 0.42999096657633246]
     [0.16145865213931565, 1.0, 0.7542263517873274]

Gen: 153
     [0.1694237008018608, 1.0, 0.4806426635694928]
     [0.16388412805288607, 1.0, 0.5516195638146858]
     [0.16981391932423334, 1.0, 0.42999096657633246]
     [0.16145865213931565, 1.0, 0.7542263517873274]

Gen: 154
     [0.1694237008018608, 1.0, 0.4806426635694928]
     [0.16388412805288607, 1.0, 0.5516195638146858]
     [0.16981391932423334, 1.0, 0.42999096657633246]
     [0.16145865213931565, 1.0, 0.7542263517873274]

Gen: 155
     [0.1694237008018608, 1.0, 0.4806426635694928]
     [0.16388412805288607, 1.0, 0.5516195638146858]
     [0.16981391932423334, 1.0, 0.42999096657633246]
     [0.16145865213931565, 1.0, 0.7542263517873274]

Gen: 156
     [0.1694237008018608, 1.0, 0.4806426635694928]
     [0.16388412805288607, 1.0, 0.5516195638146858]
     [0.16981391932423334, 1.0, 0.42999096657633246]
     [0.16145865213931565, 1.0, 0.7542263517873274]

Gen: 157
     [0.1694237008018608, 1.0, 0.4806426635694928]
     [0.16388412805288607, 1.0, 0.5516195638146858]
     [0.16981391932423334, 1.0, 0.42999096657633246]
     [0.16145865213931565, 1.0, 0.7542263517873274]

Gen: 158
     [0.1694237008018608, 1.0, 0.4806426635694928]
     [0.16388412805288607, 1.0, 0.5516195638146858]
     [0.16981391932423334, 1.0, 0.42999096657633246]
     [0.16145865213931565, 1.0, 0.7542263517873274]

Gen: 159
     [0.1694237008018608, 1.0, 0.4806426635694928]
     [0.16388412805288607, 1.0, 0.5516195638146858]
     [0.16981391932423334, 1.0, 0.42999096657633246]
     [0.16145865213931565, 1.0, 0.7542263517873274]

Gen: 160
     [0.1694237008018608, 1.0, 0.4806426635694928]
     [0.16388412805288607, 1.0, 0.5516195638146858]
     [0.16981391932423334, 1.0, 0.42999096657633246]
     [0.16145865213931565, 1.0, 0.7542263517873274]

Gen: 161
     [0.1694237008018608, 1.0, 0.4806426635694928]
     [0.16388412805288607, 1.0, 0.5516195638146858]
     [0.16981391932423334, 1.0, 0.42999096657633246]
     [0.16145865213931565, 1.0, 0.7542263517873274]

Gen: 162
     [0.1694237008018608, 1.0, 0.4806426635694928]
     [0.16388412805288607, 1.0, 0.5516195638146858]
     [0.16981391932423334, 1.0, 0.42999096657633246]
     [0.16145865213931565, 1.0, 0.7542263517873274]

Gen: 163
     [0.1694237008018608, 1.0, 0.4806426635694928]
     [0.16388412805288607, 1.0, 0.5516195638146858]
     [0.16981391932423334, 1.0, 0.42999096657633246]
     [0.16145865213931565, 1.0, 0.7542263517873274]

Gen: 164
     [0.1694237008018608, 1.0, 0.4806426635694928]
     [0.16388412805288607, 1.0, 0.5516195638146858]
     [0.16981391932423334, 1.0, 0.42999096657633246]
     [0.16145865213931565, 1.0, 0.7542263517873274]

Gen: 165
     [0.1694237008018608, 1.0, 0.4806426635694928]
     [0.16388412805288607, 1.0, 0.5516195638146858]
     [0.16981391932423334, 1.0, 0.42999096657633246]
     [0.16145865213931565, 1.0, 0.7542263517873274]

Gen: 166
     [0.1694237008018608, 1.0, 0.4806426635694928]
     [0.16388412805288607, 1.0, 0.5516195638146858]
     [0.16981391932423334, 1.0, 0.42999096657633246]
     [0.16145865213931565, 1.0, 0.7542263517873274]

Gen: 167
     [0.1694237008018608, 1.0, 0.4806426635694928]
     [0.16388412805288607, 1.0, 0.5516195638146858]
     [0.16981391932423334, 1.0, 0.42999096657633246]
     [0.16145865213931565, 1.0, 0.7542263517873274]

Gen: 168
     [0.1694237008018608, 1.0, 0.4806426635694928]
     [0.16388412805288607, 1.0, 0.5516195638146858]
     [0.16981391932423334, 1.0, 0.42999096657633246]
     [0.16145865213931565, 1.0, 0.7542263517873274]

Gen: 169
     [0.1694237008018608, 1.0, 0.4806426635694928]
     [0.16388412805288607, 1.0, 0.5516195638146858]
     [0.16981391932423334, 1.0, 0.42999096657633246]
     [0.16145865213931565, 1.0, 0.7542263517873274]

Gen: 170
     [0.1694237008018608, 1.0, 0.4806426635694928]
     [0.16388412805288607, 1.0, 0.5516195638146858]
     [0.16981391932423334, 1.0, 0.42999096657633246]
     [0.16145865213931565, 1.0, 0.7542263517873274]

Gen: 171
     [0.1694237008018608, 1.0, 0.4806426635694928]
     [0.16388412805288607, 1.0, 0.5516195638146858]
     [0.16981391932423334, 1.0, 0.42999096657633246]
     [0.16145865213931565, 1.0, 0.7542263517873274]

Gen: 172
     [0.1694237008018608, 1.0, 0.4806426635694928]
     [0.16388412805288607, 1.0, 0.5516195638146858]
     [0.16981391932423334, 1.0, 0.42999096657633246]
     [0.16145865213931565, 1.0, 0.7542263517873274]

Gen: 173
     [0.1694237008018608, 1.0, 0.4806426635694928]
     [0.16388412805288607, 1.0, 0.5516195638146858]
     [0.16981391932423334, 1.0, 0.42999096657633246]
     [0.16145865213931565, 1.0, 0.7542263517873274]

Gen: 174
     [0.1694237008018608, 1.0, 0.4806426635694928]
     [0.16388412805288607, 1.0, 0.5516195638146858]
     [0.16981391932423334, 1.0, 0.42999096657633246]
     [0.16145865213931565, 1.0, 0.7542263517873274]

Gen: 175
     [0.1694237008018608, 1.0, 0.4806426635694928]
     [0.16388412805288607, 1.0, 0.5516195638146858]
     [0.16981391932423334, 1.0, 0.42999096657633246]
     [0.16145865213931565, 1.0, 0.7542263517873274]

Gen: 176
     [0.1694237008018608, 1.0, 0.4806426635694928]
     [0.16388412805288607, 1.0, 0.5516195638146858]
     [0.16981391932423334, 1.0, 0.42999096657633246]
     [0.16145865213931565, 1.0, 0.7542263517873274]

Gen: 177
     [0.1694237008018608, 1.0, 0.4806426635694928]
     [0.16388412805288607, 1.0, 0.5516195638146858]
     [0.16981391932423334, 1.0, 0.42999096657633246]
     [0.16145865213931565, 1.0, 0.7542263517873274]

Gen: 178
     [0.1694237008018608, 1.0, 0.4806426635694928]
     [0.16388412805288607, 1.0, 0.5516195638146858]
     [0.16981391932423334, 1.0, 0.42999096657633246]
     [0.16145865213931565, 1.0, 0.7542263517873274]

Gen: 179
     [0.1694237008018608, 1.0, 0.4806426635694928]
     [0.16388412805288607, 1.0, 0.5516195638146858]
     [0.16981391932423334, 1.0, 0.42999096657633246]
     [0.16145865213931565, 1.0, 0.7542263517873274]

Gen: 180
     [0.1694237008018608, 1.0, 0.4806426635694928]
     [0.16388412805288607, 1.0, 0.5516195638146858]
     [0.16981391932423334, 1.0, 0.42999096657633246]
     [0.16145865213931565, 1.0, 0.7542263517873274]

Gen: 181
     [0.1694237008018608, 1.0, 0.4806426635694928]
     [0.16388412805288607, 1.0, 0.5516195638146858]
     [0.16981391932423334, 1.0, 0.42999096657633246]
     [0.16145865213931565, 1.0, 0.7542263517873274]

Gen: 182
     [0.1694237008018608, 1.0, 0.4806426635694928]
     [0.16388412805288607, 1.0, 0.5516195638146858]
     [0.16981391932423334, 1.0, 0.42999096657633246]
     [0.16145865213931565, 1.0, 0.7542263517873274]

Gen: 183
     [0.1694237008018608, 1.0, 0.4806426635694928]
     [0.16388412805288607, 1.0, 0.5516195638146858]
     [0.16981391932423334, 1.0, 0.42999096657633246]
     [0.16145865213931565, 1.0, 0.7542263517873274]

Gen: 184
     [0.1694237008018608, 1.0, 0.4806426635694928]
     [0.16388412805288607, 1.0, 0.5516195638146858]
     [0.16981391932423334, 1.0, 0.42999096657633246]
     [0.16145865213931565, 1.0, 0.7542263517873274]

Gen: 185
     [0.1694237008018608, 1.0, 0.4806426635694928]
     [0.16388412805288607, 1.0, 0.5516195638146858]
     [0.16981391932423334, 1.0, 0.42999096657633246]
     [0.16145865213931565, 1.0, 0.7542263517873274]

Gen: 186
     [0.1694237008018608, 1.0, 0.4806426635694928]
     [0.16388412805288607, 1.0, 0.5516195638146858]
     [0.16981391932423334, 1.0, 0.42999096657633246]
     [0.16145865213931565, 1.0, 0.7542263517873274]

Gen: 187
     [0.1694237008018608, 1.0, 0.4806426635694928]
     [0.16388412805288607, 1.0, 0.5516195638146858]
     [0.16981391932423334, 1.0, 0.42999096657633246]
     [0.16145865213931565, 1.0, 0.7542263517873274]

Gen: 188
     [0.1694237008018608, 1.0, 0.4806426635694928]
     [0.16388412805288607, 1.0, 0.5516195638146858]
     [0.16981391932423334, 1.0, 0.42999096657633246]
     [0.16145865213931565, 1.0, 0.7542263517873274]

